=== MODEL INFO ===
n_samples: 3045
n_components: 12
alpha: 1.0
features (9): ['corsi_off_rapm_5v5', 'corsi_def_rapm_5v5', 'xg_off_rapm_5v5', 'xg_def_rapm_5v5', 'finishing_residual_rapm_5v5', 'penalties_taken_rapm_5v5', 'turnover_to_xg_swing_rapm_5v5_w10', 'takeaway_to_xg_swing_rapm_5v5_w10', 'giveaway_to_xg_swing_rapm_5v5_w10']

=== DICTIONARY SHAPE ===
Shape: (12, 9)

=== DICTIONARY SPARSITY ===
  Dim 0: 8/9 nonzero, max|coef|=0.630
  Dim 1: 7/9 nonzero, max|coef|=0.684
  Dim 2: 9/9 nonzero, max|coef|=0.708
  Dim 3: 3/9 nonzero, max|coef|=0.999
  Dim 4: 7/9 nonzero, max|coef|=0.874
  Dim 5: 8/9 nonzero, max|coef|=0.741
  Dim 6: 7/9 nonzero, max|coef|=0.770
  Dim 7: 8/9 nonzero, max|coef|=0.714
  Dim 8: 8/9 nonzero, max|coef|=0.639
  Dim 9: 8/9 nonzero, max|coef|=0.653
  Dim 10: 9/9 nonzero, max|coef|=0.782
  Dim 11: 7/9 nonzero, max|coef|=0.789

=== LATENT CODE SPARSITY (per season) ===
      season  dim_idx    n  mean_abs    pct_zero
0   20202021        0  314  0.003199   99.044586
1   20202021        1  314  0.447799   67.515924
2   20202021        2  314  0.001864   99.681529
3   20202021        3  314  0.521477   84.394904
4   20202021        4  314  0.158673   80.891720
5   20202021        5  314  0.000000  100.000000
6   20202021        6  314  0.000867   99.363057
7   20202021        7  314  0.000000  100.000000
8   20202021        8  314  0.011420   94.904459
9   20202021        9  314  0.024020   93.949045
10  20202021       10  314  0.000000  100.000000
11  20202021       11  314  0.252084   75.477707
12  20212022        0  550  0.009927   97.636364
13  20212022        1  550  0.234090   73.454545
14  20212022        2  550  0.000548   99.636364
15  20212022        3  550  0.000000  100.000000
16  20212022        4  550  0.090351   85.454545
17  20212022        5  550  0.000000  100.000000
18  20212022        6  550  0.000496   99.818182
19  20212022        7  550  0.000000  100.000000
20  20212022        8  550  0.004060   98.363636
21  20212022        9  550  0.016084   95.818182
22  20212022       10  550  0.000000  100.000000
23  20212022       11  550  0.138688   80.909091
24  20222023        0  563  0.394031   67.317940
25  20222023        1  563  0.138275   84.191829
26  20222023        2  563  0.263852   68.738899
27  20222023        3  563  0.149427   94.849023
28  20222023        4  563  0.158152   79.218472
29  20222023        5  563  0.054420   87.744227
30  20222023        6  563  0.303740   71.403197
31  20222023        7  563  0.043751   89.875666
32  20222023        8  563  0.334947   70.870337
33  20222023        9  563  0.305135   73.712256
34  20222023       10  563  0.042420   90.941385
35  20222023       11  563  0.088996   88.454707
36  20232024        0  508  0.013998   95.275591
37  20232024        1  508  0.116397   81.299213
38  20232024        2  508  0.006227   98.031496
39  20232024        3  508  0.158462   94.094488
40  20232024        4  508  0.101388   87.795276
41  20232024        5  508  0.087815   82.480315
42  20232024        6  508  0.009016   95.866142
43  20232024        7  508  0.496090   55.118110
44  20232024        8  508  0.038432   88.582677
45  20232024        9  508  0.031881   92.322835
46  20232024       10  508  0.181134   69.488189
47  20232024       11  508  0.114457   86.417323
48  20242025        0  560  0.350546   67.857143
49  20242025        1  560  0.052482   92.678571
50  20242025        2  560  0.256881   72.321429
51  20242025        3  560  0.050576   98.214286
52  20242025        4  560  0.068888   88.392857
53  20242025        5  560  0.072203   84.464286
54  20242025        6  560  0.231854   76.607143
55  20242025        7  560  0.043905   87.857143
56  20242025        8  560  0.503575   65.000000
57  20242025        9  560  0.320478   73.392857
58  20242025       10  560  0.034004   88.214286
59  20242025       11  560  0.128835   84.642857
60  20252026        0  550  0.000000  100.000000
61  20252026        1  550  0.172512   82.363636
62  20252026        2  550  0.000000  100.000000
63  20252026        3  550  0.279433   90.727273
64  20252026        4  550  0.102566   86.363636
65  20252026        5  550  0.302869   66.545455
66  20252026        6  550  0.000000  100.000000
67  20252026        7  550  0.000178   99.818182
68  20252026        8  550  0.000000  100.000000
69  20252026        9  550  0.000033   99.818182
70  20252026       10  550  0.150542   72.000000
71  20252026       11  550  0.325908   69.454545

=== OVERALL DIM STATS (pooled) ===
    dim_idx     n      mean       std  mean_abs   pct_zero
0         0  3045 -0.024272  0.562116  0.141780  86.732348
1         1  3045 -0.006604  0.601831  0.174256  81.280788
2         2  3045 -0.012281  0.421446  0.097357  88.702791
3         3  3045 -0.007402  0.770698  0.167613  94.449918
4         4  3045 -0.011833  0.414793  0.110033  84.926108
5         5  3045 -0.000291  0.371010  0.092696  85.911330
6         6  3045 -0.015757  0.444793  0.100483  89.622332
7         7  3045 -0.004045  0.428925  0.098959  88.374384
8         8  3045  0.028777  0.640988  0.162863  85.451560
9         9  3045 -0.028829  0.549240  0.126063  87.553366
10       10  3045  0.006575  0.270744  0.071507  86.009852
11       11  3045 -0.006703  0.581576  0.169155  81.280788

=== DIMENSION LABELS ===
Empty DataFrame
Columns: [dim_idx, label, top_features_json, stable_seasons]
Index: []

=== INTER-DIMENSION CORRELATIONS ===
Correlation matrix (should be near-diagonal for good separation):
dim_idx    0     1     2     3     4     5     6     7     8     9     10    11
dim_idx                                                                        
0        1.00  0.04 -0.14 -0.02  0.01  0.06 -0.13  0.07  0.17  0.18 -0.01  0.06
1        0.04  1.00  0.00  0.02 -0.15 -0.03 -0.05 -0.03 -0.06 -0.08 -0.02  0.19
2       -0.14  0.00  1.00  0.05 -0.05 -0.01 -0.09 -0.02  0.07 -0.14  0.06 -0.03
3       -0.02  0.02  0.05  1.00 -0.02  0.01  0.03 -0.01 -0.02 -0.01 -0.02  0.00
4        0.01 -0.15 -0.05 -0.02  1.00  0.00 -0.03  0.12  0.03  0.08 -0.01  0.09
5        0.06 -0.03 -0.01  0.01  0.00  1.00 -0.03  0.11  0.10  0.08  0.02 -0.11
6       -0.13 -0.05 -0.09  0.03 -0.03 -0.03  1.00 -0.03 -0.19 -0.00 -0.05 -0.04
7        0.07 -0.03 -0.02 -0.01  0.12  0.11 -0.03  1.00  0.07  0.06  0.03 -0.01
8        0.17 -0.06  0.07 -0.02  0.03  0.10 -0.19  0.07  1.00  0.12  0.04 -0.05
9        0.18 -0.08 -0.14 -0.01  0.08  0.08 -0.00  0.06  0.12  1.00 -0.01 -0.08
10      -0.01 -0.02  0.06 -0.02 -0.01  0.02 -0.05  0.03  0.04 -0.01  1.00 -0.03
11       0.06  0.19 -0.03  0.00  0.09 -0.11 -0.04 -0.01 -0.05 -0.08 -0.03  1.00
